c origin graph: p edge 453 2025
5 35 138 148 192 209 232 242 262 265 331 350 358 367 372 377 380 398 403 415 453 
1: 453 fix: 185
5 35 138 148 192 209 232 242 262 265 331 350 358 367 372 377 380 398 403 415 234 
21: 234 fix: 233
5 35 138 148 192 209 232 242 262 265 331 350 358 367 372 377 380 398 403 415 120 234 305 400 423 
22 fix: 187
5 35 138 148 192 209 232 242 262 265 331 350 358 367 372 377 380 398 403 415 120 234 305 400 423 423 411 
21: 411 fix: 186
5 35 138 148 192 209 232 242 262 265 331 350 358 367 372 377 380 398 403 415 120 234 305 400 423 423 2 5 67 72 76 91 95 113 148 179 450 194 213 219 226 247 251 252 253 254 256 260 262 279 283 284 294 296 305 307 308 313 315 319 330 331 338 339 341 363 393 400 411 418 419 420 447 448 
22 fix: 371
5 35 138 148 192 209 232 242 262 265 331 350 358 367 372 377 380 398 403 415 120 234 305 400 423 423 2 5 67 72 76 91 95 113 148 179 450 194 213 219 226 247 251 252 253 254 256 260 262 279 283 284 294 296 305 307 308 313 315 319 330 331 338 339 341 363 393 400 411 418 419 420 447 448 34 
21: 448 fix: 137
5 35 138 148 192 209 232 242 262 265 331 350 358 367 372 377 380 398 403 415 120 234 305 400 423 423 2 5 67 72 76 91 95 113 148 179 450 194 213 219 226 247 251 252 253 254 256 260 262 279 283 284 294 296 305 307 308 313 315 319 330 331 338 339 341 363 393 400 411 418 419 420 447 448 
22 fix: 141
5 35 138 148 192 209 232 242 262 265 331 350 358 367 372 377 380 398 403 415 120 234 305 400 423 423 2 5 67 72 76 91 95 113 148 179 450 194 213 219 226 247 251 252 253 254 256 260 262 279 283 284 294 296 305 307 308 313 315 319 330 331 338 339 341 363 393 400 411 418 419 420 447 448 
21: 447 fix: 51
5 35 138 148 192 209 232 242 262 265 331 350 358 367 372 377 380 398 403 415 120 234 305 400 423 423 2 5 67 72 76 91 95 113 148 179 450 194 213 219 226 247 251 252 253 254 256 260 262 279 283 284 294 296 305 307 308 313 315 319 330 331 338 339 341 363 393 400 411 418 419 420 72 447 359 
22 fix: 359
5 35 138 148 192 209 232 242 262 265 331 350 358 367 372 377 380 398 403 415 120 234 305 400 423 423 2 5 67 72 76 91 95 113 148 179 450 194 213 219 226 247 251 252 253 254 256 260 262 279 283 284 294 296 305 307 308 313 315 319 330 331 338 339 341 363 393 400 411 418 419 420 72 447 359 
21: 420 fix: 176
5 35 138 148 192 209 232 242 262 265 331 350 358 367 372 377 380 398 403 415 120 234 305 400 423 423 2 5 67 72 76 91 95 113 148 179 450 194 213 219 226 247 251 252 253 254 256 260 262 279 283 284 294 296 305 307 308 313 315 319 330 331 338 339 341 363 393 400 411 418 419 420 
22 fix: 426
5 35 138 148 192 209 232 242 262 265 331 350 358 367 372 377 380 398 403 415 120 234 305 400 423 423 2 5 67 72 76 91 95 113 148 179 450 194 213 219 226 247 251 252 253 254 256 260 262 279 283 284 294 296 305 307 308 313 315 319 330 331 338 339 341 363 393 400 411 418 419 420 55 131 151 278 281 351 366 
21: 366 fix: 351
5 35 138 148 192 209 232 242 262 265 331 350 358 367 372 377 380 398 403 415 120 234 305 400 423 423 2 5 67 72 76 91 95 113 148 179 450 194 213 219 226 247 251 252 253 254 256 260 262 279 283 284 294 296 305 307 308 313 315 319 330 331 338 339 341 363 393 400 411 418 419 420 55 131 151 278 281 351 366 
22 fix: 390
5 35 138 148 192 209 232 242 262 265 331 350 358 367 372 377 380 398 403 415 120 234 305 400 423 423 2 5 67 72 76 91 95 113 148 179 450 194 213 219 226 247 251 252 253 254 256 260 262 279 283 284 294 296 305 307 308 313 315 319 330 331 338 339 341 363 393 400 411 418 419 420 55 131 151 278 281 351 366 367 403 
1: 403 fix: 367
5 35 138 148 192 209 232 242 262 265 331 350 358 367 372 377 380 398 403 415 120 234 305 400 423 423 2 5 67 72 76 91 95 113 148 179 450 194 213 219 226 247 251 252 253 254 256 260 262 279 283 284 294 296 305 307 308 313 315 319 330 331 338 339 341 363 393 400 411 418 419 420 55 131 151 278 281 351 366 367 
21: 281 fix: 73
5 35 138 148 192 209 232 242 262 265 331 350 358 367 372 377 380 398 403 415 120 234 305 400 423 423 2 5 67 72 76 91 95 113 148 179 450 194 213 219 226 247 251 252 253 254 256 260 262 279 283 284 294 296 305 307 308 313 315 319 330 331 338 339 341 363 393 400 411 418 419 420 55 131 151 278 281 
22 fix: 349
5 35 138 148 192 209 232 242 262 265 331 350 358 367 372 377 380 398 403 415 120 234 305 400 423 423 2 5 67 72 76 91 95 113 148 179 450 194 213 219 226 247 251 252 253 254 256 260 262 279 283 284 294 296 305 307 308 313 315 319 330 331 338 339 341 363 393 400 411 418 419 420 55 131 151 278 281 
21: 278 fix: 101
5 35 138 148 192 209 232 242 262 265 331 350 358 367 372 377 380 398 403 415 120 234 305 400 423 423 2 5 67 72 76 91 95 113 148 179 450 194 213 219 226 247 251 252 253 254 256 260 262 279 283 284 294 296 305 307 308 313 315 319 330 331 338 339 341 363 393 400 411 418 419 420 55 131 151 278 
22 fix: 119
5 35 138 148 192 209 232 242 262 265 331 350 358 367 372 377 380 398 403 415 120 234 305 400 423 423 2 5 67 72 76 91 95 113 148 179 450 194 213 219 226 247 251 252 253 254 256 260 262 279 283 284 294 296 305 307 308 313 315 319 330 331 338 339 341 363 393 400 411 418 419 420 55 131 151 278 
21: 151 fix: 154
5 35 138 148 192 209 232 242 262 265 331 350 358 367 372 377 380 398 403 415 120 234 305 400 423 423 2 5 67 72 76 91 95 113 148 179 450 194 213 219 226 247 251 252 253 254 256 260 262 279 283 284 294 296 305 307 308 313 315 319 330 331 338 339 341 363 393 400 411 418 419 420 55 131 55 151 
22 fix: 285
5 35 138 148 192 209 232 242 262 265 331 350 358 367 372 377 380 398 403 415 120 234 305 400 423 423 2 5 67 72 76 91 95 113 148 179 450 194 213 219 226 247 251 252 253 254 256 260 262 279 283 284 294 296 305 307 308 313 315 319 330 331 338 339 341 363 393 400 411 418 419 420 55 131 55 151 375 308 
1: 308 fix: 375
5 35 138 148 192 209 232 242 262 265 331 350 358 367 372 377 380 398 403 415 120 234 305 400 423 423 2 5 67 72 76 91 95 113 148 179 450 194 213 219 226 247 251 252 253 254 256 260 262 279 283 284 294 296 305 307 308 313 315 319 330 331 338 339 341 363 393 400 411 418 419 420 55 131 55 151 375 
1: 55 fix: 150
5 35 138 148 192 209 232 242 262 265 331 350 358 367 372 377 380 398 403 415 120 234 305 400 423 423 2 5 67 72 76 91 95 113 148 179 450 194 213 219 226 247 251 252 253 254 256 260 262 279 283 284 294 296 305 307 308 313 315 319 330 331 338 339 341 363 393 400 411 418 419 420 55 131 
21: 131 fix: 124
5 35 138 148 192 209 232 242 262 265 331 350 358 367 372 377 380 398 403 415 120 234 305 400 423 423 2 5 67 72 76 91 95 113 148 179 450 194 213 219 226 247 251 252 253 254 256 260 262 279 283 284 294 296 305 307 308 313 315 319 330 331 338 339 341 363 393 400 411 418 419 420 55 131 
22 fix: 135
5 35 138 148 192 209 232 242 262 265 331 350 358 367 372 377 380 398 403 415 120 234 305 400 423 423 2 5 67 72 76 91 95 113 148 179 450 194 213 219 226 247 251 252 253 254 256 260 262 279 283 284 294 296 305 307 308 313 315 319 330 331 338 339 341 363 393 400 411 418 419 420 55 131 250 
21: 419 fix: 146
5 35 138 148 192 209 232 242 262 265 331 350 358 367 372 377 380 398 403 415 120 234 305 400 423 423 2 5 67 72 76 91 95 113 148 179 450 194 213 219 226 247 251 252 253 254 256 260 262 279 283 284 294 296 305 307 308 313 315 319 330 331 338 339 341 363 393 400 411 418 92 419 405 
22 fix: 147
5 35 138 148 192 209 232 242 262 265 331 350 358 367 372 377 380 398 403 415 120 234 305 400 423 423 2 5 67 72 76 91 95 113 148 179 450 194 213 219 226 247 251 252 253 254 256 260 262 279 283 284 294 296 305 307 308 313 315 319 330 331 338 339 341 363 393 400 411 418 92 419 405 53 54 430 92 126 133 424 237 258 321 322 325 327 328 333 348 
21: 348 fix: 380
5 35 138 148 192 209 232 242 262 265 331 350 358 367 372 377 380 398 403 415 120 234 305 400 423 423 2 5 67 72 76 91 95 113 148 179 450 194 213 219 226 247 251 252 253 254 256 260 262 279 283 284 294 296 305 307 308 313 315 319 330 331 338 339 341 363 393 400 411 418 92 419 405 53 54 430 92 126 133 424 237 258 321 322 325 327 328 333 348 
22 fix: 345
5 35 138 148 192 209 232 242 262 265 331 350 358 367 372 377 380 398 403 415 120 234 305 400 423 423 2 5 67 72 76 91 95 113 148 179 450 194 213 219 226 247 251 252 253 254 256 260 262 279 283 284 294 296 305 307 308 313 315 319 330 331 338 339 341 363 393 400 411 418 92 419 405 53 54 430 92 126 133 424 237 258 321 322 325 327 328 333 348 346 
346's degree = 2
21: 333 fix: 145
5 35 138 148 192 209 232 242 262 265 331 350 358 367 372 377 380 398 403 415 120 234 305 400 423 423 2 5 67 72 76 91 95 113 148 179 450 194 213 219 226 247 251 252 253 254 256 260 262 279 283 284 294 296 305 307 308 313 315 319 330 331 338 339 341 363 393 400 411 418 92 419 405 53 54 430 92 126 133 424 237 258 321 322 325 327 328 37 53 54 424 175 235 236 237 258 425 303 320 321 322 325 326 327 328 329 333 336 430 373 405 
22 fix: 329
5 35 138 148 192 209 232 242 262 265 331 350 358 367 372 377 380 398 403 415 120 234 305 400 423 423 2 5 67 72 76 91 95 113 148 179 450 194 213 219 226 247 251 252 253 254 256 260 262 279 283 284 294 296 305 307 308 313 315 319 330 331 338 339 341 363 393 400 411 418 92 419 405 53 54 430 92 126 133 424 237 258 321 322 325 327 328 37 53 54 424 175 235 236 237 258 425 303 320 321 322 325 326 327 328 329 333 336 430 373 405 
1: 405 fix: 164
5 35 138 148 192 209 232 242 262 265 331 350 358 367 372 377 380 398 403 415 120 234 305 400 423 423 2 5 67 72 76 91 95 113 148 179 450 194 213 219 226 247 251 252 253 254 256 260 262 279 283 284 294 296 305 307 308 313 315 319 330 331 338 339 341 363 393 400 411 418 92 419 405 53 54 430 92 126 133 424 237 258 321 322 325 327 328 37 53 54 424 175 235 236 237 258 425 303 320 321 322 325 326 327 328 329 333 336 430 373 66 162 
21: 162 fix: 404
5 35 138 148 192 209 232 242 262 265 331 350 358 367 372 377 380 398 403 415 120 234 305 400 423 423 2 5 67 72 76 91 95 113 148 179 450 194 213 219 226 247 251 252 253 254 256 260 262 279 283 284 294 296 305 307 308 313 315 319 330 331 338 339 341 363 393 400 411 418 92 419 405 53 54 430 92 126 133 424 237 258 321 322 325 327 328 37 53 54 424 175 235 236 237 258 425 303 320 321 322 325 326 327 328 329 333 336 430 373 66 162 393 
22 fix: 393
5 35 138 148 192 209 232 242 262 265 331 350 358 367 372 377 380 398 403 415 120 234 305 400 423 423 2 5 67 72 76 91 95 113 148 179 450 194 213 219 226 247 251 252 253 254 256 260 262 279 283 284 294 296 305 307 308 313 315 319 330 331 338 339 341 363 393 400 411 418 92 419 405 53 54 430 92 126 133 424 237 258 321 322 325 327 328 37 53 54 424 175 235 236 237 258 425 303 320 321 322 325 326 327 328 329 333 336 430 373 66 162 393 
21: 66 fix: 67
5 35 138 148 192 209 232 242 262 265 331 350 358 367 372 377 380 398 403 415 120 234 305 400 423 423 2 5 67 72 76 91 95 113 148 179 450 194 213 219 226 247 251 252 253 254 256 260 262 279 283 284 294 296 305 307 308 313 315 319 330 331 338 339 341 363 393 400 411 418 92 419 405 53 54 430 92 126 133 424 237 258 321 322 325 327 328 37 53 54 424 175 235 236 237 258 425 303 320 321 322 325 326 327 328 329 333 336 430 373 66 
22 fix: 408
Oh 346
